Code: GEAR z=3.9626887077144017
   Rv= 23.699879325688972 kpc
   Ms/1e8= 5.774385533821151 Msun
   Mv/1e8= 1797.2301251928443 Msun
   Mg/1e8= 256.31155462280816 Msun
   Mgcold/1e8= 46.68073139342767 Msun
   Ms/Mh= 0.003212936091420989 dimensionless
   fb= 0.14261476648423402 dimensionless
   fg= 0.8899175929427481 dimensionless
